0.1
0.1
0.1
0.1
0.09
0.09
0.1
0.12
0.12
0.13
0.12
0.12
0.12
0.12
0.12
0.11
0.11
0.1
0.11
0.11
0.1
0.1
0.1
0.1
0.11
0.11
0.12
0.13
0.12
0.13
0.12
0.13
0.12
0.12
0.12
0.12
0.12
0.14
0.13
0.13
0.13
0.12
0.11
0.11
0.12
0.12
0.13
0.12
0.11
0.11
0.11
0.11
0.1
0.09
0.09
0.1
0.1
0.1
0.1
0.1
0.1
0.1
0.09
0.1
0.09
0.11
0.11
0.1
0.1
0.11
0.1
0.1
0.1
0.1
0.09
0.09
0.09
0.08
0.08
0.08
0.08
0.08
0.08
0.09
0.08
0.1
0.1
0.1
0.1
0.1
0.1
0.1
0.11
0.1
0.1
0.1
0.09
0.1
0.1
0.1
0.09
0.08
0.08
0.08
0.12
0.11
0.11
0.1
0.11
0.1
0.11
0.1
0.11
0.1
0.1
0.09
0.1
0.1
0.1
0.1
0.09
0.08
0.09
0.11
0.11
0.11
0.11
0.11
0.11
0.12
0.11
0.12
0.11
0.11
0.1
0.1
0.09
0.09
0.09
0.09
0.09
0.08
0.09
0.11
0.12
0.1
0.1
0.1
0.11
0.1
0.1
0.09
0.09
0.1
0.09
0.09
0.09
0.1
0.09
0.09
0.1
0.1
0.13
0.12
0.12
0.11
0.1
0.1
0.1
0.09
0.1
0.1
0.11
0.09
0.09
0.09
0.1
0.09
0.09
0.09
0.09
0.08
0.1
0.1
0.11
0.1
0.1
0.11
0.1
0.1
0.1
0.1
0.1
0.1
0.1
0.1
0.1
0.09
0.11
0.11
0.1
0.14
0.15
0.15
0.14
0.13
0.14
0.13
0.13
0.13
0.13
0.13
0.12
0.12
0.12
0.12
0.12
0.15
0.15
0.23
0.21
0.21
0.19
0.21
0.2
0.22
0.24
0.25
0.26
0.24
0.24
0.24
0.22
0.2
0.22
0.22
0.23
0.25
0.25
0.23
0.21
0.18
0.19
0.17
0.15
0.16
0.16
0.16
0.16
0.16
0.16
0.15
0.15
0.15
0.16
0.15
0.21
0.2
0.2
0.25
0.23
0.24
0.23
0.22
0.22
0.23
0.21
0.21
0.21
0.2
0.2
0.19
0.19
0.19
0.19
0.26
0.25
0.24
0.26
0.26
0.24
0.24
0.23
0.23
0.24
0.25
0.21
0.24
0.22
0.22
0.22
0.23
0.26
0.25
0.24
0.26
0.26
0.24
0.2
0.2
0.21
0.21
0.21
0.23
0.22
0.22
0.21
0.2
0.21
0.22
0.21
0.21
0.22
0.22
0.22
0.24
0.24
0.23
0.24
0.24
0.23
0.24
0.23
0.22
0.23
0.23
0.22
0.21
0.21
0.2
0.2
0.2
0.19
0.2
0.21
0.26
0.25
0.25
0.25
0.25
0.25
0.26
0.28
0.25
0.25
0.26
0.26
0.26
0.25
0.25
0.24
0.23
0.22
0.24
0.3
0.3
0.29
0.29
0.26
0.28
0.28
0.25
0.24
0.23
0.22
0.23
0.26
0.25
0.24
0.25
0.26
0.26
0.29
0.34
0.34
0.33
0.32
0.32
0.32
0.33
0.35
0.32
0.32
0.36
0.37
0.34
0.37
0.38
0.36
0.36
0.38
0.39
0.38
0.42
0.39
0.39
0.36
0.33
0.36
0.35
0.36
0.37
0.38
0.38
0.36
0.35
0.35
0.37
0.37
0.37
0.38
0.38
0.47
0.46
0.39
0.35
0.36
0.35
0.34
0.32
0.34
0.33
0.32
0.32
0.3
0.23
0.24
0.23
0.24
0.24
0.25
0.24
0.21
0.21
0.22
0.22
0.22
0.22
0.22
0.23
0.23
0.28
0.32
0.32
0.33
0.35
0.37
0.38
0.4
0.44
0.44
0.51
0.51
0.5
0.49
0.49
0.48
0.48
0.48
0.49
0.5
0.5
0.48
0.49
0.49
0.5
0.55
0.58
0.65
0.76
0.72
0.71
0.67
0.67
0.68
0.69
0.68
0.66
0.63
0.64
0.63
0.62
0.64
0.64
0.61
0.62
0.58
0.68
0.66
0.65
0.63
0.62
0.61
0.59
0.54
0.48
0.47
0.42
0.43
0.46
0.45
0.46
0.45
0.46
0.45
0.47
0.54
0.54
0.52
0.55
0.51
0.52
0.52
0.47
0.5
0.5
0.52
0.52
0.52
0.54
0.54
0.54
0.55
0.58
0.61
0.68
0.67
0.65
0.67
0.66
0.67
0.67
0.68
0.69
0.69
0.7
0.65
0.63
0.61
0.61
0.62
0.62
0.61
0.63
0.63
0.61
0.59
0.62
0.59
0.56
0.55
0.52
0.53
0.52
0.53
0.54
0.54
0.52
0.51
0.52
0.52
0.54
0.54
0.55
0.61
0.58
0.56
0.56
0.55
0.53
0.52
0.51
0.51
0.5
0.51
0.52
0.53
0.54
0.55
0.56
0.61
0.62
0.65
0.66
0.69
0.67
0.65
0.68
0.67
0.69
0.67
0.59
0.59
0.58
0.59
0.58
0.56
0.54
0.54
0.51
0.51
0.5
0.55
0.57
0.56
0.58
0.48
0.45
0.45
0.46
0.45
0.45
0.44
0.46
0.47
0.47
0.49
0.51
0.5
0.52
0.51
0.51
0.56
0.56
0.54
0.55
0.55
0.55
0.53
0.53
0.5
0.5
0.5
0.52
0.51
0.55
0.56
0.54
0.54
0.54
0.55
0.55
0.57
0.58
0.58
0.59
0.58
0.58
0.59
0.59
0.61
0.61
0.6
0.6
0.59
0.58
0.55
0.56
0.56
0.57
0.56
0.63
0.62
0.6
0.61
0.6
0.61
0.61
0.59
0.59
0.57
0.57
0.59
0.58
0.58
0.62
0.63
0.63
0.63
0.64
0.69
0.68
0.66
0.66
0.65
0.65
0.64
0.65
0.65
0.65
0.65
0.66
0.67
0.65
0.65
0.64
0.63
0.63
0.61
0.62
0.71
0.72
0.72
0.76
0.77
0.75
0.76
0.76
0.76
0.76
0.79
0.8
0.77
0.76
0.79
0.8
0.77
0.8
0.83
0.85
0.84
0.85
0.85
0.88
0.91
0.9
0.9
0.89
0.89
0.87
0.86
0.86
0.87
0.88
0.83
0.83
0.89
0.87
0.83
0.85
0.82
0.82
0.82
0.81
0.81
0.79
0.81
0.82
0.81
0.77
0.79
0.8
0.8
0.8
0.78
0.84
0.83
0.84
0.82
0.79
0.8
0.79
0.8
0.81
0.81
0.83
0.85
0.81
0.81
0.81
0.8
0.79
0.78
0.78
0.88
0.92
0.98
0.98
0.97
1.01
1.02
1.03
1.02
1.05
1.05
1.01
1
0.99
0.99
0.99
0.97
0.97
0.98
0.98
1.03
1.04
1.03
1.03
1.02
1.02
1.02
1.04
1.07
1.06
1.04
1.03
1.02
1.03
1.01
1.01
1
0.98
1.01
1.09
1.07
1.06
1.07
1.08
1.07
1.09
1.1
1.09
1.11
1.13
1.12
1.12
1.1
1.1
1.1
1.07
1.08
1.09
1.1
1.15
1.18
1.16
1.17
1.16
1.17
1.16
1.16
1.16
1.16
1.17
1.19
1.2
1.19
1.21
1.2
1.21
1.21
1.21
1.22
1.22
1.22
1.21
1.2
1.22
1.21
1.23
1.24
1.24
1.24
1.23
1.22
1.22
1.2
1.21
1.22
1.21
1.21
1.19
1.23
1.22
1.22
1.23
1.24
1.23
1.22
1.22
1.23
1.22
1.24
1.22
1.23
1.22
1.24
1.21
1.22
1.21
1.22
1.23
1.24
1.24
1.24
1.23
1.24
1.22
1.23
1.23
1.24
1.23
1.23
1.23
1.24
1.23
1.24
1.21
1.22
1.24
1.27
1.27
1.28
1.3
1.3
1.31
1.32
1.31
1.3
1.3
1.31
1.32
1.3
1.3
1.3
1.31
1.32
1.34
1.34
1.42
1.4
1.41
1.39
1.41
1.4
1.41
1.4
1.42
1.41
1.42
1.42
1.42
1.41
1.41
1.42
1.45
1.44
1.48
1.49
1.49
1.53
1.53
1.54
1.55
1.55
1.55
1.59
1.6
1.61
1.61
1.6
1.6
1.61
1.6
1.6
1.61
1.61
1.65
1.64
1.68
1.67
1.65
1.68
1.69
1.67
1.69
1.7
1.69
1.7
1.71
1.72
1.72
1.73
1.73
1.74
1.74
1.83
1.81
1.82
1.8
1.79
1.78
1.78
1.77
1.78
1.78
1.78
1.78
1.78
1.78
1.77
1.78
1.79
1.78
1.78
1.88
1.9
1.89
1.88
1.85
1.87
1.9
1.9
1.88
1.92
1.94
1.97
1.98
1.99
1.99
2.02
2.01
2
2.02
2.08
2.07
2.05
2.06
2.06
2.06
2.05
2.05
2.03
2.04
2.03
2.04
2.06
2.07
2.07
2.07
2.05
2.04
2.03
2.05
2.1
2.12
2.09
2.08
2.09
2.07
2.07
2.06
2.07
2.08
2.08
2.1
2.11
2.11
2.14
2.15
2.19
2.2
2.22
2.25
2.26
2.25
2.24
2.24
2.26
2.24
2.24
2.24
2.24
2.25
2.26
2.26
2.27
2.27
2.29
2.3
2.3
2.3
2.33
2.34
2.29
2.28
2.27
2.16
2.23
2.23
2.28
2.29
2.31
2.31
2.3
2.29
2.31
2.3
2.33
2.32
2.32
2.33
2.34
2.36
2.34
2.33
2.34
2.33
2.32
2.32
2.32
2.33
2.32
2.31
2.33
2.33
2.34
2.34
2.37
2.35
2.37
2.39
2.43
2.39
2.4
2.41
2.41
2.41
2.4
2.42
2.42
2.42
2.43
2.43
2.42
2.42
2.43
2.42
2.42
2.4
2.4
2.44
2.45
2.45
2.44
2.43
2.45
2.43
2.42
2.44
2.46
2.46
2.47
2.46
2.46
2.48
2.48
2.49
2.51
2.52
2.55
2.56
2.55
2.56
2.56
2.57
2.57
2.57
2.57
2.59
2.58
2.57
2.57
2.57
2.58
2.59
2.6
2.61
2.62
2.65
2.67
2.66
2.66
2.67
2.66
2.66
2.67
2.67
2.67
2.66
2.63
2.64
2.62
2.63
2.64
2.68
2.65
2.69
2.69
2.72
2.74
2.74
2.73
2.72
2.71
2.7
2.68
2.66
2.67
2.67
2.67
2.69
2.69
2.68
2.68
2.69
2.71
2.71
2.7
2.68
2.69
2.7
2.7
2.69
2.68
2.66
2.63
2.62
2.63
2.62
2.61
2.61
2.58
2.59
2.63
2.6
2.5
2.57
2.58
2.6
2.59
2.59
2.58
2.57
2.57
2.57
2.57
2.6
2.59
2.59